# Code to prepare internal data sets
# Written by Kevin Potter
# email: kpotter5@mgh.harvard.edu
# Please email me directly if you
# have any questions or comments
# Last updated 2025-04-11

# Table of contents
# 1) swaap_internal.linking_items_marginal_rates
#   1.1) Include missing values
#     1.1.1) Kindergarten year
#     1.1.2) Sex at birth
#     1.1.3) Year and month of birth
#     1.1.4) Middle initial
#     1.1.5) Eye color
#     1.1.6) Older siblings
#     1.1.7) Street name
#   1.2) Exclude missing values
#     1.2.1) Kindergarten year
#     1.2.2) Sex at birth
#     1.2.3) Year and month of birth
#     1.2.4) Middle initial
#     1.2.5) Eye color
#     1.2.6) Older siblings
#     1.2.7) Street name
# ?) Development code

#### 1) swaap_internal.linking_items_marginal_rates ####

swaap_internal.linking_items_marginal_rates <- list(
  #### 1.1) Include missing values ####
  include_NA = list(
    #### 1.1.1) Kindergarten year ####
    SBJ.INT.Link.KindergartenYearEst = data.frame(
      Values = c(
        2013,
        2014
      ),
      Freq = c(
        4182,
        1421
      )
    ),
    #### 1.1.2) Sex at birth ####
    SBJ.FCT.Sex = data.frame(
      Values = c(
        "Female",
        "Male",
        NA
      ),
      Freq = c(
        2959,
        2703,
        115
      )
    ),
    #### 1.1.3) Year and month of birth ####
    SBJ.DTM.Dob = data.frame(
      Values = c(
        "2006-01-01",
        "2006-02-01",
        "2006-03-01",
        "2006-04-01",
        "2006-05-01",
        "2006-06-01",
        "2006-07-01",
        "2006-08-01",
        "2006-09-01",
        "2006-10-01",
        "2006-11-01",
        "2006-12-01",
        "2007-01-01",
        "2007-02-01",
        "2007-03-01",
        "2007-04-01",
        "2007-05-01",
        "2007-06-01",
        "2007-07-01",
        "2007-08-01",
        "2007-09-01",
        "2007-10-01",
        "2007-11-01",
        "2007-12-01",
        "2008-01-01",
        "2008-02-01",
        "2008-03-01",
        "2008-04-01",
        "2008-05-01",
        "2008-06-01",
        "2008-07-01",
        "2008-08-01",
        "2008-09-01",
        "2008-10-01",
        "2008-11-01",
        "2008-12-01",
        "2009-01-01",
        "2009-02-01",
        "2009-03-01",
        "2009-04-01",
        "2009-05-01",
        "2009-06-01",
        "2009-07-01",
        "2009-08-01",
        "2009-09-01",
        "2009-10-01",
        "2009-11-01",
        "2009-12-01",
        NA
      ),
      Freq = c(
        3,
        5,
        10,
        4,
        12,
        5,
        8,
        8,
        24,
        9,
        14,
        23,
        24,
        36,
        39,
        24,
        52,
        54,
        65,
        133,
        295,
        288,
        296,
        304,
        288,
        290,
        296,
        333,
        336,
        348,
        307,
        258,
        144,
        111,
        111,
        117,
        127,
        101,
        97,
        100,
        136,
        102,
        94,
        86,
        12,
        15,
        8,
        7,
        218
      )
    ),
    #### 1.1.4) Middle initial ####
    SBJ.FCT.Link.MiddleInitial = data.frame(
      Values = c(
        "a",
        "b",
        "c",
        "d",
        "e",
        "f",
        "g",
        "h",
        "i",
        "j",
        "k",
        "l",
        "m",
        "n",
        "no middle name",
        "o",
        "p",
        "q",
        "r",
        "s",
        "t",
        "u",
        "v",
        "w",
        "x",
        "y",
        "z",
        NA
      ),
      Freq = c(
        515,
        125,
        233,
        198,
        322,
        116,
        183,
        80,
        98,
        479,
        156,
        298,
        587,
        145,
        647,
        49,
        153,
        10,
        338,
        254,
        156,
        9,
        68,
        86,
        14,
        58,
        19,
        381
      )
    ),
    #### 1.1.5) Eye color ####
    SBJ.FCT.Link.EyeColor = data.frame(
      Values = c(
        "Black",
        "Blue",
        "Brown",
        "Gray",
        "Green",
        "Hazel",
        NA
      ),
      Freq = c(
        488,
        987,
        2792,
        103,
        420,
        660,
        327
      )
    ),
    #### 1.1.6) Older siblings ####
    SBJ.FCT.Link.OlderSiblings = data.frame(
      Values = c(
        "1 older sibling born in April",
        "1 older sibling born in August",
        "1 older sibling born in December",
        "1 older sibling born in February",
        "1 older sibling born in January",
        "1 older sibling born in July",
        "1 older sibling born in June",
        "1 older sibling born in March",
        "1 older sibling born in May",
        "1 older sibling born in November",
        "1 older sibling born in October",
        "1 older sibling born in September",
        "2 older siblings, the oldest born in April",
        "2 older siblings, the oldest born in August",
        "2 older siblings, the oldest born in December",
        "2 older siblings, the oldest born in February",
        "2 older siblings, the oldest born in January",
        "2 older siblings, the oldest born in July",
        "2 older siblings, the oldest born in June",
        "2 older siblings, the oldest born in March",
        "2 older siblings, the oldest born in May",
        "2 older siblings, the oldest born in November",
        "2 older siblings, the oldest born in October",
        "2 older siblings, the oldest born in September",
        "3 or more older siblings, the oldest born in April",
        "3 or more older siblings, the oldest born in August",
        "3 or more older siblings, the oldest born in December",
        "3 or more older siblings, the oldest born in February",
        "3 or more older siblings, the oldest born in January",
        "3 or more older siblings, the oldest born in July",
        "3 or more older siblings, the oldest born in June",
        "3 or more older siblings, the oldest born in March",
        "3 or more older siblings, the oldest born in May",
        "3 or more older siblings, the oldest born in November",
        "3 or more older siblings, the oldest born in October",
        "3 or more older siblings, the oldest born in September",
        "no older siblings",
        "NA"
      ),